frame=0 result=0 overhang=0 num_speech=0 frame_counter=1
  noise_means: 8757 8848 8825 8695 8428 7823 8885 8698 8953 8823 8556 7968
  speech_means: 10298 11128 10666 12417 13039 9500 11465 10614 11467 8175 9376 10674
  noise_stds: 384 1064 495 584 689 593 474 697 475 688 421 455
  speech_stds: 555 505 567 524 585 1231 509 828 492 1540 1079 850
  mean_value: 1600 1600 1600 1600 1600 1600
  ds_filter: 0 0 0 0
  S_48_24: 49152 22484 916 -5405 16384 -14742 -37998 -1856
  S_24_24: 19443 50046 18018 16384 36333 34120 32084 805 36333 36349 43058 15868 -3631 16980 47817 27927
frame=1 result=0 overhang=0 num_speech=0 frame_counter=2
  noise_means: 6849 6707 6439 5922 5704 5447 6977 6559 6565 6047 5837 5588
  speech_means: 10298 11128 10666 12417 13039 9500 11465 10614 11467 8175 9376 10674
  noise_stds: 384 1064 491 581 691 596 474 697 475 688 421 455
  speech_stds: 555 505 567 524 585 1231 509 828 492 1540 1079 850
  mean_value: 710 652 614 518 498 498
  ds_filter: 0 0 0 0
  S_48_24: 16384 16384 16384 10284 16384 16384 16384 16384
  S_24_24: 24320 3966 16697 16384 14343 31962 24338 1118 14343 28912 32054 16181 13334 25141 3966 18926
frame=2 result=0 overhang=0 num_speech=0 frame_counter=3
  noise_means: 5236 4761 4438 3676 3378 3253 5360 4615 4569 3805 3514 3398
  speech_means: 10298 11128 10666 12417 13039 9500 11465 10614 11467 8175 9376 10674
  noise_stds: 386 1064 493 582 692 597 474 697 475 688 421 455
  speech_stds: 555 505 567 524 585 1231 509 828 492 1540 1079 850
  mean_value: 532 425 397 282 240 240
  ds_filter: 0 0 0 0
  S_48_24: 16384 16384 7016 26157 16384 16384 16384 16384
  S_24_24: 4168 8963 16384 28084 22594 14060 -4987 -29976 22594 18518 10689 -16186 21270 4989 11192 16384
frame=3 result=0 overhang=0 num_speech=0 frame_counter=4
  noise_means: 4535 3993 3629 2651 2385 2315 4662 3846 3756 2778 2521 2458
  speech_means: 10298 11128 10666 12417 13039 9500 11465 10614 11467 8175 9376 10674
  noise_stds: 389 1064 495 583 692 598 474 697 475 688 421 455
  speech_stds: 555 505 567 524 585 1231 509 828 492 1540 1079 850
  mean_value: 521 426 393 254 226 226
  ds_filter: 0 0 0 0
  S_48_24: -1163264 -1116810 -1187506 -985054 -802816 -1288589 -1171406 -1122992
  S_24_24: 116156 1067935 1582796 1737067 -606643 728812 1420973 1848200 -606643 389413 662958 778364 -1054023 -6994 555686 693702
frame=4 result=0 overhang=0 num_speech=0 frame_counter=5
  noise_means: 4246 3692 3295 2215 1981 1934 4375 3544 3426 2339 2116 2074
  speech_means: 10298 11128 10666 12417 13039 9500 11465 10614 11467 8175 9376 10674
  noise_stds: 393 1064 498 584 692 599 474 697 475 688 421 455
  speech_stds: 555 505 567 524 585 1231 509 828 492 1540 1079 850
  mean_value: 519 427 392 248 224 224
  ds_filter: 0 0 0 0
  S_48_24: -7520256 -7287204 -5836938 -6269924 -7192576 -6311801 -8087753 -8423301
  S_24_24: -7938560 -7659042 -8072644 -8114688 -7174938 -7708503 -8151178 -8469453 -7174938 -7563618 -7838824 -8159772 -7346613 -7922140 -7613436 -7870632
frame=5 result=1 overhang=3 num_speech=1 frame_counter=6
  noise_means: 4127 3571 3165 2035 1814 1776 4256 3423 3296 2159 1949 1916
  speech_means: 10288 11123 10654 12160 12160 9500 11465 10613 11467 8176 9375 10672
  noise_stds: 393 1064 498 584 692 599 474 697 475 688 421 455
  speech_stds: 557 506 569 524 585 1231 509 828 492 1540 1079 850
  mean_value: 518 427 392 247 223 223
  ds_filter: 0 0 0 0
  S_48_24: 7389184 5863872 13310782 14570496 -3981312 8894496 10829295 17116832
  S_24_24: 6054964 5748161 2518832 -1802306 13027585 6131118 3448288 -1051818 13027585 7671254 6891211 2943666 15843664 6632127 7590534 8040317
frame=6 result=1 overhang=3 num_speech=2 frame_counter=7
  noise_means: 4080 3523 3113 1963 1748 1713 4209 3375 3244 2087 1883 1853
  speech_means: 10290 11131 10655 12156 12160 9500 11461 10618 11464 8179 9375 10670
  noise_stds: 393 1064 498 584 692 599 474 697 475 688 421 455
  speech_stds: 557 509 569 525 585 1231 509 829 492 1540 1079 850
  mean_value: 518 427 392 247 223 223
  ds_filter: 0 0 0 0
  S_48_24: -195870720 -195976922 -199204486 -198563150 -187416576 -196608742 -199000605 -196974710
  S_24_24: -158258411 -130305594 -128117093 -128247398 -185816377 -140503559 -128336507 -129843631 -185816377 -148644708 -136225760 -135885386 -197768930 -161853570 -139027044 -134864528
frame=7 result=1 overhang=3 num_speech=3 frame_counter=8
  noise_means: 4061 3504 3092 1934 1722 1688 4190 3356 3223 2058 1857 1828
  speech_means: 10292 11140 10655 12146 12160 9500 11456 10622 11475 8179 9376 10669
  noise_stds: 393 1064 498 584 692 599 474 697 475 688 421 455
  speech_stds: 557 511 569 527 585 1231 509 830 494 1540 1079 850
  mean_value: 518 427 392 247 223 223
  ds_filter: 0 0 0 0
  S_48_24: -64929792 -53958136 -49809132 -50416295 -76431360 -56877995 -51868813 -50108932
  S_24_24: -35917903 -44281344 -52982043 -54216189 -38212245 -36565406 -48238591 -52865776 -38212245 -34487466 -39577618 -40623214 -50262614 -36031201 -38934323 -42588950
frame=8 result=1 overhang=3 num_speech=4 frame_counter=9
  noise_means: 4054 3497 3084 1923 1711 1678 4183 3349 3215 2047 1846 1818
  speech_means: 10294 11147 10656 12139 12160 9501 11452 10624 11483 8179 9377 10669
  noise_stds: 393 1064 498 584 692 599 474 697 475 688 421 455
  speech_stds: 557 512 569 527 585 1231 509 830 494 1540 1079 850
  mean_value: 518 427 392 247 223 223
  ds_filter: 0 0 0 0
  S_48_24: -4898816 -20493500 -26918348 -27665838 7487488 -15874988 -22867842 -28819602
  S_24_24: -41079836 -27627429 -20305296 -19238773 -39780339 -35323612 -24094469 -19979922 -39780339 -38384700 -33500804 -32466044 -28242720 -41382785 -34423611 -31378389
frame=9 result=1 overhang=3 num_speech=5 frame_counter=10
  noise_means: 4051 3494 3080 1918 1707 1674 4180 3346 3211 2042 1842 1814
  speech_means: 10295 11155 10657 12131 12160 9502 11449 10626 11484 8179 9379 10669
  noise_stds: 393 1064 498 584 692 599 474 697 475 688 421 455
  speech_stds: 557 513 569 528 585 1231 510 830 493 1540 1079 850
  mean_value: 518 427 392 247 223 223
  ds_filter: 0 0 0 0
  S_48_24: -2736128 -13519778 -16561902 -16759775 4243456 -9547350 -15844988 -17495566
  S_24_24: -27407327 -6311651 8845424 11302302 -27231736 -17718231 3584571 11794316 -27231736 -23622405 -14445612 -12709933 -17127671 -28432756 -18715871 -13139426
frame=10 result=1 overhang=3 num_speech=6 frame_counter=11
  noise_means: 4050 3493 3079 1916 1705 1672 4179 3345 3210 2040 1840 1812
  speech_means: 10297 11160 10657 12122 12160 9502 11446 10627 11480 8180 9379 10667
  noise_stds: 393 1064 498 584 692 599 474 697 475 688 421 455
  speech_stds: 557 513 569 530 585 1231 511 830 493 1540 1079 850
  mean_value: 518 427 392 247 223 223
  ds_filter: 0 0 0 0
  S_48_24: -18169856 -20322614 -20941316 -21419726 -18530304 -18746789 -21166414 -21116776
  S_24_24: -34863713 -33313966 -29135273 -28363119 -28088819 -35851438 -31112421 -28573019 -28088819 -35913200 -34982627 -34655916 -21268251 -34376860 -35400023 -34218216
frame=11 result=1 overhang=5 num_speech=6 frame_counter=12
  noise_means: 4049 3492 3079 1916 1705 1671 4178 3344 3210 2040 1840 1811
  speech_means: 10299 11161 10658 12114 12160 9502 11442 10628 11476 8182 9379 10664
  noise_stds: 393 1064 498 584 692 599 474 697 475 688 421 455
  speech_stds: 557 512 569 532 585 1231 511 830 493 1540 1079 850
  mean_value: 518 427 392 247 223 223
  ds_filter: 0 0 0 0
  S_48_24: -15646720 -17491584 -18896754 -18909777 -15712256 -16906927 -17753152 -19900543
  S_24_24: -28546673 -27139449 -24286453 -23748521 -24617206 -29848600 -26417803 -24261871 -24617206 -30011357 -29733526 -29452503 -19405161 -28249471 -28809440 -28165683
frame=12 result=1 overhang=5 num_speech=6 frame_counter=13
  noise_means: 4049 3492 3079 1916 1705 1671 4178 3344 3210 2040 1840 1811
  speech_means: 10301 11162 10659 12112 12158 9503 11438 10629 11478 8182 9382 10665
  noise_stds: 393 1064 498 584 692 599 474 697 475 688 421 455
  speech_stds: 557 511 569 531 585 1231 511 830 492 1540 1079 850
  mean_value: 518 427 392 247 223 223
  ds_filter: 0 0 0 0
  S_48_24: -82296832 -49710870 -31987044 -30541188 -118996992 -61713772 -37239677 -29246704
  S_24_24: 23503285 19757929 14359899 12868533 6149727 23523077 18516386 14493732 6149727 22740453 23986299 23224186 -29893946 21244714 22918576 22312649
frame=13 result=1 overhang=5 num_speech=6 frame_counter=14
  noise_means: 4049 3492 3079 1916 1705 1671 4178 3344 3210 2040 1840 1811
  speech_means: 10303 11162 10660 12114 12155 9504 11434 10630 11482 8182 9385 10667
  noise_stds: 393 1064 498 584 692 599 474 697 475 688 421 455
  speech_stds: 557 510 569 530 586 1231 511 830 492 1540 1079 850
  mean_value: 518 427 392 247 223 223
  ds_filter: 0 0 0 0
  S_48_24: -315899904 -296607590 -284180272 -283912718 -316555264 -304512425 -289028445 -287031216
  S_24_24: -197658302 -127671484 -97308969 -92729316 -245174323 -159178488 -108864267 -93599936 -245174323 -181267087 -152197886 -148608229 -285471967 -206687660 -161491577 -146809651
frame=14 result=1 overhang=5 num_speech=6 frame_counter=15
  noise_means: 4049 3492 3079 1916 1705 1671 4178 3344 3210 2040 1840 1811
  speech_means: 10304 11159 10660 12117 12152 9505 11432 10630 11493 8182 9388 10669
  noise_stds: 393 1064 498 584 692 599 474 697 475 688 421 455
  speech_stds: 557 510 569 529 587 1231 510 830 493 1540 1079 850
  mean_value: 518 427 392 247 223 223
  ds_filter: 0 0 0 0
  S_48_24: 189874176 222869804 283892310 287927537 150421504 212443223 241727720 284957438
  S_24_24: 410476422 206251336 61356050 40805255 370064494 326463120 117051489 47663515 370064494 374607736 273262746 253265500 286442487 418556704 318581109 253009010
frame=15 result=1 overhang=5 num_speech=6 frame_counter=16
  noise_means: 4049 3492 3079 1916 1705 1671 4178 3344 3210 2040 1840 1811
  speech_means: 10306 11159 10660 12121 12148 9506 11428 10631 11503 8182 9391 10672
  noise_stds: 393 1064 498 584 692 599 474 697 475 688 421 455
  speech_stds: 557 509 569 529 588 1231 510 830 494 1540 1079 850
  mean_value: 518 427 392 247 223 223
  ds_filter: 0 0 0 0
  S_48_24: 114769920 137467670 143650640 146155190 68698112 135984458 145158953 133747168
  S_24_24: 59679475 -46967957 -95767364 -101704977 119641110 -15397978 -98750597 -126040314 119641110 17917692 -34935279 -45165037 139951179 70197306 -836195 -30452210
frame=16 result=1 overhang=5 num_speech=6 frame_counter=17
  noise_means: 4049 3492 3079 1916 1705 1671 4178 3344 3210 2040 1840 1811
  speech_means: 10307 11160 10660 12126 12143 9507 11425 10632 11512 8182 9393 10677
  noise_stds: 393 1064 498 584 692 599 474 697 475 688 421 455
  speech_stds: 557 508 569 529 589 1231 511 830 495 1540 1079 851
  mean_value: 518 427 392 247 223 223
  ds_filter: 0 0 0 0
  S_48_24: -8110080 -64453940 -87398614 -94360595 37928960 -41917499 -77777174 -89050965
  S_24_24: -78699951 -60980161 -93097614 -99736518 -82894342 -30760764 -58311033 -79412203 -82894342 -32597948 -36722940 -40285429 -91705781 -80105503 -54565272 -62973416
frame=17 result=1 overhang=5 num_speech=6 frame_counter=18
  noise_means: 4049 3492 3079 1916 1705 1671 4178 3344 3210 2040 1840 1811
  speech_means: 10308 11157 10661 12119 12142 9508 11422 10632 11513 8182 9396 10681
  noise_stds: 393 1064 498 584 692 599 474 697 475 688 421 455
  speech_stds: 556 508 569 529 589 1231 511 830 494 1540 1079 851
  mean_value: 518 427 392 247 223 223
  ds_filter: 0 0 0 0
  S_48_24: 10141696 10255164 1133776 -1350377 -2179072 16100805 -57415 4421378
  S_24_24: -56225871 -80827489 -78314686 -77682070 -23417779 -78887999 -80422158 -77071268 -23417779 -71381128 -78549256 -78550412 1535500 -52016604 -74570785 -76613430
frame=18 result=1 overhang=5 num_speech=6 frame_counter=19
  noise_means: 4049 3492 3079 1916 1705 1671 4178 3344 3210 2040 1840 1811
  speech_means: 10308 11153 10661 12119 12142 9509 11420 10632 11509 8185 9396 10681
  noise_stds: 393 1064 498 584 692 599 474 697 475 688 421 455
  speech_stds: 555 508 569 529 589 1231 511 830 494 1540 1079 851
  mean_value: 518 427 392 247 223 223
  ds_filter: 0 0 0 0
  S_48_24: 10567680 10916710 11450496 11017410 11452416 10926630 10748562 9623800
  S_24_24: 8066725 6440923 6170192 6319985 9921138 9448207 7766026 7496066 9921138 9751700 8504717 8050999 10320605 8258018 6795812 6034060
frame=19 result=1 overhang=5 num_speech=6 frame_counter=20
  noise_means: 4049 3492 3079 1916 1705 1671 4178 3344 3210 2040 1840 1811
  speech_means: 10302 11150 10650 12119 12142 9507 11420 10630 11509 8186 9390 10680
  noise_stds: 393 1064 498 584 692 599 474 697 475 688 421 455
  speech_stds: 555 509 571 529 589 1231 511 830 494 1540 1080 851
  mean_value: 518 427 392 247 223 223
  ds_filter: 0 0 0 0
  S_48_24: -5357568 -4873164 -4348564 -4614999 -5849088 -5140723 -4524052 -4538048
  S_24_24: 528317 3343723 3106105 3113465 -2135699 2860108 3797925 3441426 -2135699 2049224 3252320 3250122 -4576524 117817 2596820 2746598
